1 0.000012 0.996590 471.889263
2 0.000014 1.007834 466.195806
3 0.000017 1.021161 460.502459
4 0.000021 1.036923 454.809219
5 0.000025 1.055523 449.116087
6 0.000030 1.077415 443.423059
7 0.000036 1.103106 437.730136
8 0.000043 1.133160 432.037317
9 0.000051 1.168198 426.344599
10 0.000062 1.208894 420.651982
11 0.000074 1.255980 414.959464
12 0.000089 1.310240 409.267045
13 0.000107 1.372510 403.574723
14 0.000128 1.443677 397.882498
15 0.000154 1.524683 392.190367
16 0.000184 1.616520 386.498330
17 0.000221 1.720244 380.806385
18 0.000265 1.836973 375.114532
19 0.000318 1.967901 369.422769
20 0.000382 2.114309 363.731095
21 0.000458 2.277575 358.039508
22 0.000549 2.459190 352.348009
23 0.000659 2.660772 346.656594
24 0.000791 2.884085 340.965264
25 0.000949 3.131055 335.274018
26 0.001138 3.403791 329.582853
27 0.001366 3.704600 323.891768
28 0.001638 4.036015 318.200764
29 0.001966 4.400816 312.509838
30 0.002358 4.802049 306.818988
31 0.002829 5.243063 301.128215
32 0.003394 5.727528 295.437517
33 0.004072 6.259474 289.746893
34 0.004886 6.843323 284.056341
35 0.005862 7.483924 278.365861
36 0.007032 8.186597 272.675451
37 0.008437 8.957174 266.985110
38 0.010122 9.802051 261.294837
39 0.012144 10.728239 255.604631
40 0.014569 11.743424 249.914491
41 0.017479 12.856029 244.224417
42 0.020971 14.075285 238.534406
43 0.025159 15.411307 232.844460
44 0.030184 16.875181 227.154577
45 0.036213 18.479050 221.464757
46 0.043447 20.236221 215.775000
47 0.052124 22.161272 210.085308
48 0.062536 24.270173 204.395683
49 0.075026 26.580419 198.706126
50 0.090012 29.111177 193.016644
51 0.107991 31.883443 187.327242
52 0.129560 34.920214 181.637931
53 0.155438 38.246684 175.948725
54 0.186485 41.890450 170.259646
55 0.223733 45.881741 164.570723
56 0.268420 50.253667 158.881998
57 0.322034 55.042500 153.193528
58 0.386356 60.287968 147.505395
59 0.463525 66.033586 141.817712
60 0.556108 72.327022 136.130637
61 0.667184 79.220484 130.444387
62 0.800445 86.771163 124.759263
63 0.960323 95.041698 119.075679
64 1.152135 104.100702 113.394207
65 1.382259 114.023330 107.715627
66 1.658347 124.891898 102.041012
67 1.989580 136.796574 96.371821
68 2.386973 149.836120 90.710039
69 2.863739 164.118710 85.058356
70 3.435733 179.762836 79.420399
71 4.121976 196.898279 73.801037
72 4.945286 215.667198 68.206769
73 5.933042 236.225299 62.646214
74 7.118089 258.743133 57.130711
75 8.539833 283.407509 51.675045
76 10.245552 310.423044 46.298275
77 12.291966 340.013859 41.024646
78 14.747125 372.425440 35.884487
79 17.692669 407.926675 30.914971
80 21.226546 446.812084 26.160485
81 25.466270 489.404262 21.672311
82 30.552822 536.056554 17.507161
83 36.655345 587.155989 13.724150
84 43.976768 643.126490 10.379811
85 52.760548 704.432391 7.521164
86 63.298773 771.582287 5.177421
87 75.941869 845.133256 3.351864
88 91.110258 925.695479 2.016307
89 109.308332 1013.937304 1.110888
90 131.141232 1110.590787 0.551065
91 157.334966 1216.457770 0.241196
92 188.760553 1332.416527 0.090956
93 226.462988 1459.429058 0.028739
94 271.695988 1598.549062 0.007365
95 325.963683 1750.930683 0.001475
96 391.070637 1917.838085 0.000221
97 469.181846 2100.655938 0.000024
98 562.894742 2300.900904 0.000002
99 675.325554 2520.234222 0.000000
100 810.212941 2760.475490 0.000000
